306 4 8 12 83
4 5 6 4 5 6 4 5
207 237 174 194 240 26 269 226 196 232 204 98
-1 0 -1 17 -1 1 2 0 -1
2 0 -1 18 -1 2 1 1 -1
1 1 2 19 -1 3 -1 2 -1
-1 2 1 20 -1 4 -1 3 -1
-1 3 -1 21 1 5 -1 4 -1
-1 4 -1 22 -1 6 0 5 -1
0 5 -1 23 -1 7 -1 6 -1
-1 6 0 24 -1 8 3 7 -1
3 7 -1 25 -1 9 -1 8 -1
-1 8 3 26 -1 10 -1 9 -1
-1 9 -1 27 -1 11 -1 10 -1
-1 10 -1 28 -1 12 -1 11 -1
-1 11 -1 29 -1 13 -1 12 -1
-1 12 -1 30 -1 14 -1 13 -1
-1 13 -1 31 1 15 -1 14 -1
-1 14 -1 32 2 16 -1 15 -1
-1 15 -1 33 -1 16 -1 16 -1
-1 17 -1 34 -1 18 -1 0 -1
-1 17 -1 35 -1 19 -1 1 2
-1 18 -1 36 -1 20 -1 2 1
-1 19 -1 37 -1 21 1 3 -1
1 20 -1 38 -1 22 -1 4 -1
-1 21 1 39 -1 23 -1 5 -1
-1 22 -1 40 -1 24 -1 6 0
-1 23 -1 41 -1 25 -1 7 -1
-1 24 -1 42 -1 26 -1 8 3
-1 25 -1 43 2 27 -1 9 -1
-1 26 -1 44 3 28 -1 10 -1
-1 27 -1 45 -1 29 -1 11 -1
-1 28 -1 46 -1 30 -1 12 -1
-1 29 -1 47 -1 31 1 13 -1
1 30 -1 48 -1 32 2 14 -1
2 31 1 49 -1 33 -1 15 -1
-1 32 2 50 3 33 -1 16 -1
-1 34 -1 51 -1 35 -1 17 -1
-1 34 -1 52 -1 36 -1 18 -1
-1 35 -1 53 -1 37 -1 19 -1
-1 36 -1 54 -1 38 -1 20 -1
-1 37 -1 55 -1 39 -1 21 1
-1 38 -1 56 -1 40 -1 22 -1
-1 39 -1 57 -1 41 -1 23 -1
-1 40 -1 58 -1 42 -1 24 -1
-1 41 -1 59 3 43 2 25 -1
2 42 -1 60 0 44 3 26 -1
3 43 2 61 -1 45 -1 27 -1
-1 44 3 62 -1 46 -1 28 -1
-1 45 -1 63 -1 47 -1 29 -1
-1 46 -1 64 -1 48 -1 30 -1
-1 47 -1 65 2 49 -1 31 1
-1 48 -1 66 -1 50 3 32 2
3 49 -1 67 3 50 -1 33 -1
-1 51 -1 68 -1 52 -1 34 -1
-1 51 -1 69 -1 53 -1 35 -1
-1 52 -1 70 -1 54 -1 36 -1
-1 53 -1 71 -1 55 -1 37 -1
-1 54 -1 72 -1 56 -1 38 -1
-1 55 -1 73 -1 57 -1 39 -1
-1 56 -1 74 2 58 -1 40 -1
-1 57 -1 75 -1 59 3 41 -1
3 58 -1 76 -1 60 0 42 -1
0 59 3 77 -1 61 -1 43 2
-1 60 0 78 -1 62 -1 44 3
-1 61 -1 79 -1 63 -1 45 -1
-1 62 -1 80 -1 64 -1 46 -1
-1 63 -1 81 -1 65 2 47 -1
2 64 -1 82 -1 66 -1 48 -1
-1 65 2 83 0 67 3 49 -1
3 66 -1 84 -1 67 -1 50 3
-1 68 -1 85 -1 69 -1 51 -1
-1 68 -1 86 0 70 -1 52 -1
-1 69 -1 87 -1 71 -1 53 -1
-1 70 -1 88 -1 72 -1 54 -1
-1 71 -1 89 -1 73 -1 55 -1
-1 72 -1 90 -1 74 2 56 -1
2 73 -1 91 -1 75 -1 57 -1
-1 74 2 92 -1 76 -1 58 -1
-1 75 -1 93 -1 77 -1 59 3
-1 76 -1 94 -1 78 -1 60 0
-1 77 -1 95 -1 79 -1 61 -1
-1 78 -1 96 -1 80 -1 62 -1
-1 79 -1 97 -1 81 -1 63 -1
-1 80 -1 98 -1 82 -1 64 -1
-1 81 -1 99 -1 83 0 65 2
0 82 -1 100 -1 84 -1 66 -1
-1 83 0 101 2 84 -1 67 3
-1 85 -1 102 -1 86 0 68 -1
0 85 -1 103 -1 87 -1 69 -1
-1 86 0 104 -1 88 -1 70 -1
-1 87 -1 105 -1 89 -1 71 -1
-1 88 -1 106 -1 90 -1 72 -1
-1 89 -1 107 -1 91 -1 73 -1
-1 90 -1 108 -1 92 -1 74 2
-1 91 -1 109 -1 93 -1 75 -1
-1 92 -1 110 -1 94 -1 76 -1
-1 93 -1 111 -1 95 -1 77 -1
-1 94 -1 112 -1 96 -1 78 -1
-1 95 -1 113 -1 97 -1 79 -1
-1 96 -1 114 -1 98 -1 80 -1
-1 97 -1 115 3 99 -1 81 -1
-1 98 -1 116 -1 100 -1 82 -1
-1 99 -1 117 -1 101 2 83 0
2 100 -1 118 0 101 -1 84 -1
-1 102 -1 119 -1 103 -1 85 -1
-1 102 -1 120 -1 104 -1 86 0
-1 103 -1 121 -1 105 -1 87 -1
-1 104 -1 122 -1 106 -1 88 -1
-1 105 -1 123 -1 107 -1 89 -1
-1 106 -1 124 1 108 -1 90 -1
-1 107 -1 125 -1 109 -1 91 -1
-1 108 -1 126 -1 110 -1 92 -1
-1 109 -1 127 -1 111 -1 93 -1
-1 110 -1 128 -1 112 -1 94 -1
-1 111 -1 129 -1 113 -1 95 -1
-1 112 -1 130 1 114 -1 96 -1
-1 113 -1 131 -1 115 3 97 -1
3 114 -1 132 -1 116 -1 98 -1
-1 115 3 133 -1 117 -1 99 -1
-1 116 -1 134 -1 118 0 100 -1
0 117 -1 135 -1 118 -1 101 2
-1 119 -1 136 2 120 -1 102 -1
-1 119 -1 137 -1 121 -1 103 -1
-1 120 -1 138 -1 122 -1 104 -1
-1 121 -1 139 -1 123 -1 105 -1
-1 122 -1 140 -1 124 1 106 -1
1 123 -1 141 -1 125 -1 107 -1
-1 124 1 142 -1 126 -1 108 -1
-1 125 -1 143 1 127 -1 109 -1
-1 126 -1 144 -1 128 -1 110 -1
-1 127 -1 145 -1 129 -1 111 -1
-1 128 -1 146 -1 130 1 112 -1
1 129 -1 147 -1 131 -1 113 -1
-1 130 1 148 2 132 -1 114 -1
-1 131 -1 149 -1 133 -1 115 3
-1 132 -1 150 -1 134 -1 116 -1
-1 133 -1 151 -1 135 -1 117 -1
-1 134 -1 152 -1 135 -1 118 0
2 136 -1 153 -1 137 -1 119 -1
-1 136 2 154 -1 138 -1 120 -1
-1 137 -1 155 3 139 -1 121 -1
-1 138 -1 156 -1 140 -1 122 -1
-1 139 -1 157 -1 141 -1 123 -1
-1 140 -1 158 -1 142 -1 124 1
-1 141 -1 159 -1 143 1 125 -1
1 142 -1 160 -1 144 -1 126 -1
-1 143 1 161 -1 145 -1 127 -1
-1 144 -1 162 -1 146 -1 128 -1
-1 145 -1 163 -1 147 -1 129 -1
-1 146 -1 164 -1 148 2 130 1
2 147 -1 165 -1 149 -1 131 -1
-1 148 2 166 3 150 -1 132 -1
-1 149 -1 167 -1 151 -1 133 -1
-1 150 -1 168 2 152 -1 134 -1
-1 151 -1 169 0 152 -1 135 -1
-1 153 -1 170 -1 154 -1 136 2
-1 153 -1 171 -1 155 3 137 -1
3 154 -1 172 -1 156 -1 138 -1
-1 155 3 173 -1 157 -1 139 -1
-1 156 -1 174 -1 158 -1 140 -1
-1 157 -1 175 -1 159 -1 141 -1
-1 158 -1 176 -1 160 -1 142 -1
-1 159 -1 177 -1 161 -1 143 1
-1 160 -1 178 -1 162 -1 144 -1
-1 161 -1 179 -1 163 -1 145 -1
-1 162 -1 180 -1 164 -1 146 -1
-1 163 -1 181 -1 165 -1 147 -1
-1 164 -1 182 -1 166 3 148 2
3 165 -1 183 -1 167 -1 149 -1
-1 166 3 184 -1 168 2 150 -1
2 167 -1 185 -1 169 0 151 -1
0 168 2 186 -1 169 -1 152 -1
-1 170 -1 187 -1 171 -1 153 -1
-1 170 -1 188 -1 172 -1 154 -1
-1 171 -1 189 -1 173 -1 155 3
-1 172 -1 190 0 174 -1 156 -1
-1 173 -1 191 1 175 -1 157 -1
-1 174 -1 192 -1 176 -1 158 -1
-1 175 -1 193 -1 177 -1 159 -1
-1 176 -1 194 -1 178 -1 160 -1
-1 177 -1 195 -1 179 -1 161 -1
-1 178 -1 196 -1 180 -1 162 -1
-1 179 -1 197 -1 181 -1 163 -1
-1 180 -1 198 -1 182 -1 164 -1
-1 181 -1 199 -1 183 -1 165 -1
-1 182 -1 200 -1 184 -1 166 3
-1 183 -1 201 3 185 -1 167 -1
-1 184 -1 202 -1 186 -1 168 2
-1 185 -1 203 -1 186 -1 169 0
-1 187 -1 204 -1 188 -1 170 -1
-1 187 -1 205 1 189 -1 171 -1
-1 188 -1 206 -1 190 0 172 -1
0 189 -1 207 -1 191 1 173 -1
1 190 0 208 0 192 -1 174 -1
-1 191 1 209 -1 193 -1 175 -1
-1 192 -1 210 -1 194 -1 176 -1
-1 193 -1 211 1 195 -1 177 -1
-1 194 -1 212 -1 196 -1 178 -1
-1 195 -1 213 2 197 -1 179 -1
-1 196 -1 214 -1 198 -1 180 -1
-1 197 -1 215 -1 199 -1 181 -1
-1 198 -1 216 -1 200 -1 182 -1
-1 199 -1 217 -1 201 3 183 -1
3 200 -1 218 -1 202 -1 184 -1
-1 201 3 219 -1 203 -1 185 -1
-1 202 -1 220 -1 203 -1 186 -1
-1 204 -1 221 3 205 1 187 -1
1 204 -1 222 -1 206 -1 188 -1
-1 205 1 223 -1 207 -1 189 -1
-1 206 -1 224 -1 208 0 190 0
0 207 -1 225 -1 209 -1 191 1
-1 208 0 226 -1 210 -1 192 -1
-1 209 -1 227 -1 211 1 193 -1
1 210 -1 228 -1 212 -1 194 -1
-1 211 1 229 -1 213 2 195 -1
2 212 -1 230 -1 214 -1 196 -1
-1 213 2 231 3 215 -1 197 -1
-1 214 -1 232 -1 216 -1 198 -1
-1 215 -1 233 -1 217 -1 199 -1
-1 216 -1 234 -1 218 -1 200 -1
-1 217 -1 235 -1 219 -1 201 3
-1 218 -1 236 0 220 -1 202 -1
-1 219 -1 237 -1 220 -1 203 -1
3 221 -1 238 -1 222 -1 204 -1
-1 221 3 239 -1 223 -1 205 1
-1 222 -1 240 -1 224 -1 206 -1
-1 223 -1 241 -1 225 -1 207 -1
-1 224 -1 242 -1 226 -1 208 0
-1 225 -1 243 2 227 -1 209 -1
-1 226 -1 244 -1 228 -1 210 -1
-1 227 -1 245 -1 229 -1 211 1
-1 228 -1 246 -1 230 -1 212 -1
-1 229 -1 247 -1 231 3 213 2
3 230 -1 248 -1 232 -1 214 -1
-1 231 3 249 -1 233 -1 215 -1
-1 232 -1 250 0 234 -1 216 -1
-1 233 -1 251 -1 235 -1 217 -1
-1 234 -1 252 -1 236 0 218 -1
0 235 -1 253 -1 237 -1 219 -1
-1 236 0 254 -1 237 -1 220 -1
-1 238 -1 255 -1 239 -1 221 3
-1 238 -1 256 -1 240 -1 222 -1
-1 239 -1 257 1 241 -1 223 -1
-1 240 -1 258 1 242 -1 224 -1
-1 241 -1 259 -1 243 2 225 -1
2 242 -1 260 -1 244 -1 226 -1
-1 243 2 261 -1 245 -1 227 -1
-1 244 -1 262 -1 246 -1 228 -1
-1 245 -1 263 -1 247 -1 229 -1
-1 246 -1 264 -1 248 -1 230 -1
-1 247 -1 265 -1 249 -1 231 3
-1 248 -1 266 0 250 0 232 -1
0 249 -1 267 -1 251 -1 233 -1
-1 250 0 268 2 252 -1 234 -1
-1 251 -1 269 -1 253 -1 235 -1
-1 252 -1 270 -1 254 -1 236 0
-1 253 -1 271 -1 254 -1 237 -1
-1 255 -1 272 -1 256 -1 238 -1
-1 255 -1 273 -1 257 1 239 -1
1 256 -1 274 3 258 1 240 -1
1 257 1 275 -1 259 -1 241 -1
-1 258 1 276 0 260 -1 242 -1
-1 259 -1 277 -1 261 -1 243 2
-1 260 -1 278 -1 262 -1 244 -1
-1 261 -1 279 -1 263 -1 245 -1
-1 262 -1 280 -1 264 -1 246 -1
-1 263 -1 281 -1 265 -1 247 -1
-1 264 -1 282 -1 266 0 248 -1
0 265 -1 283 -1 267 -1 249 -1
-1 266 0 284 1 268 2 250 0
2 267 -1 285 -1 269 -1 251 -1
-1 268 2 286 -1 270 -1 252 -1
-1 269 -1 287 -1 271 -1 253 -1
-1 270 -1 288 -1 271 -1 254 -1
-1 272 -1 272 -1 273 -1 255 -1
-1 272 -1 273 -1 274 3 256 -1
3 273 -1 274 -1 275 -1 257 1
-1 274 3 275 -1 276 0 258 1
0 275 -1 276 -1 277 -1 259 -1
-1 276 0 277 -1 278 -1 260 -1
-1 277 -1 278 -1 279 -1 261 -1
-1 278 -1 279 -1 280 -1 262 -1
-1 279 -1 289 -1 281 -1 263 -1
-1 280 -1 281 -1 282 -1 264 -1
-1 281 -1 282 -1 283 -1 265 -1
-1 282 -1 283 -1 284 1 266 0
1 283 -1 284 -1 285 -1 267 -1
-1 284 1 285 -1 286 -1 268 2
-1 285 -1 286 -1 287 -1 269 -1
-1 286 -1 287 -1 288 -1 270 -1
-1 287 -1 288 -1 288 -1 271 -1
-1 289 -1 290 -1 289 -1 280 -1
-1 290 -1 291 -1 290 -1 289 -1
-1 291 -1 292 -1 291 -1 290 -1
-1 292 -1 297 -1 292 -1 291 -1
4 293 -1 293 -1 294 -1 293 -1
-1 293 4 294 -1 295 -1 294 -1
-1 294 -1 295 -1 296 -1 295 -1
-1 295 -1 296 -1 297 -1 296 -1
-1 296 -1 302 -1 298 -1 292 -1
-1 297 -1 298 -1 299 -1 298 -1
-1 298 -1 299 -1 300 -1 299 -1
-1 299 -1 300 -1 301 5 300 -1
5 300 -1 301 -1 301 -1 301 -1
-1 302 -1 303 -1 302 -1 297 -1
-1 303 -1 304 -1 303 -1 302 -1
-1 304 -1 305 6 304 -1 303 -1
6 305 -1 305 -1 305 -1 304 -1
