98 4 1 4 17
4
65 60 42 48
-1 0 -1 9 -1 1 -1 0 -1
-1 0 -1 10 2 2 -1 1 -1
-1 1 -1 11 -1 3 -1 2 -1
-1 2 -1 12 0 4 -1 3 -1
-1 3 -1 13 -1 5 -1 4 -1
-1 4 -1 14 -1 6 -1 5 -1
-1 5 -1 15 -1 7 -1 6 -1
-1 6 -1 16 -1 8 -1 7 -1
-1 7 -1 17 3 8 -1 8 -1
-1 9 -1 18 1 10 2 0 -1
2 9 -1 19 -1 11 -1 1 -1
-1 10 2 20 -1 12 0 2 -1
0 11 -1 21 2 13 -1 3 -1
-1 12 0 22 -1 14 -1 4 -1
-1 13 -1 23 -1 15 -1 5 -1
-1 14 -1 24 -1 16 -1 6 -1
-1 15 -1 25 -1 17 3 7 -1
3 16 -1 26 2 17 -1 8 -1
1 18 -1 27 -1 19 -1 9 -1
-1 18 1 28 0 20 -1 10 2
-1 19 -1 29 3 21 2 11 -1
2 20 -1 30 3 22 -1 12 0
-1 21 2 31 -1 23 -1 13 -1
-1 22 -1 32 -1 24 -1 14 -1
-1 23 -1 33 -1 25 -1 15 -1
-1 24 -1 34 0 26 2 16 -1
2 25 -1 35 -1 26 -1 17 3
-1 27 -1 36 -1 28 0 18 1
0 27 -1 37 -1 29 3 19 -1
3 28 0 38 -1 30 3 20 -1
3 29 3 39 -1 31 -1 21 2
-1 30 3 40 -1 32 -1 22 -1
-1 31 -1 41 -1 33 -1 23 -1
-1 32 -1 42 -1 34 0 24 -1
0 33 -1 43 -1 35 -1 25 -1
-1 34 0 44 -1 35 -1 26 2
-1 36 -1 45 -1 37 -1 27 -1
-1 36 -1 46 -1 38 -1 28 0
-1 37 -1 47 0 39 -1 29 3
-1 38 -1 48 -1 40 -1 30 3
-1 39 -1 49 -1 41 -1 31 -1
-1 40 -1 50 3 42 -1 32 -1
-1 41 -1 51 2 43 -1 33 -1
-1 42 -1 52 -1 44 -1 34 0
-1 43 -1 53 -1 44 -1 35 -1
-1 45 -1 54 -1 46 -1 36 -1
-1 45 -1 55 -1 47 0 37 -1
0 46 -1 56 -1 48 -1 38 -1
-1 47 0 57 3 49 -1 39 -1
-1 48 -1 58 -1 50 3 40 -1
3 49 -1 59 -1 51 2 41 -1
2 50 3 60 -1 52 -1 42 -1
-1 51 2 61 -1 53 -1 43 -1
-1 52 -1 62 1 53 -1 44 -1
-1 54 -1 63 -1 55 -1 45 -1
-1 54 -1 64 -1 56 -1 46 -1
-1 55 -1 65 -1 57 3 47 0
3 56 -1 66 0 58 -1 48 -1
-1 57 3 67 3 59 -1 49 -1
-1 58 -1 68 2 60 -1 50 3
-1 59 -1 69 1 61 -1 51 2
-1 60 -1 70 -1 62 1 52 -1
1 61 -1 71 1 62 -1 53 -1
-1 63 -1 72 0 64 -1 54 -1
-1 63 -1 73 1 65 -1 55 -1
-1 64 -1 74 -1 66 0 56 -1
0 65 -1 75 -1 67 3 57 3
3 66 0 76 -1 68 2 58 -1
2 67 3 77 -1 69 1 59 -1
1 68 2 78 1 70 -1 60 -1
-1 69 1 79 -1 71 1 61 -1
1 70 -1 80 2 71 -1 62 1
0 72 -1 72 -1 73 1 63 -1
1 72 0 73 -1 74 -1 64 -1
-1 73 1 74 -1 75 -1 65 -1
-1 74 -1 75 -1 76 -1 66 0
-1 75 -1 81 -1 77 -1 67 3
-1 76 -1 77 -1 78 1 68 2
1 77 -1 78 -1 79 -1 69 1
-1 78 1 79 -1 80 2 70 -1
2 79 -1 80 -1 80 -1 71 1
-1 81 -1 82 -1 81 -1 76 -1
-1 82 -1 83 -1 82 -1 81 -1
-1 83 -1 84 -1 83 -1 82 -1
-1 84 -1 89 -1 84 -1 83 -1
4 85 -1 85 -1 86 -1 85 -1
-1 85 4 86 -1 87 -1 86 -1
-1 86 -1 87 -1 88 -1 87 -1
-1 87 -1 88 -1 89 -1 88 -1
-1 88 -1 94 -1 90 -1 84 -1
-1 89 -1 90 -1 91 -1 90 -1
-1 90 -1 91 -1 92 -1 91 -1
-1 91 -1 92 -1 93 5 92 -1
5 92 -1 93 -1 93 -1 93 -1
-1 94 -1 95 -1 94 -1 89 -1
-1 95 -1 96 -1 95 -1 94 -1
-1 96 -1 97 6 96 -1 95 -1
6 97 -1 97 -1 97 -1 96 -1
