98 4 4 7 42
4 5 6 4
55 12 73 31 76 15 62
2 0 -1 9 0 1 -1 0 -1
-1 0 2 10 -1 2 -1 1 -1
-1 1 -1 11 -1 3 -1 2 -1
-1 2 -1 12 -1 4 -1 3 -1
-1 3 -1 13 -1 5 -1 4 -1
-1 4 -1 14 -1 6 -1 5 -1
-1 5 -1 15 -1 7 2 6 -1
2 6 -1 16 -1 8 0 7 -1
0 7 2 17 -1 8 -1 8 -1
0 9 -1 18 -1 10 -1 0 2
-1 9 0 19 1 11 -1 1 -1
-1 10 -1 20 -1 12 -1 2 -1
-1 11 -1 21 1 13 -1 3 -1
-1 12 -1 22 0 14 -1 4 -1
-1 13 -1 23 -1 15 -1 5 -1
-1 14 -1 24 3 16 -1 6 -1
-1 15 -1 25 -1 17 -1 7 2
-1 16 -1 26 -1 17 -1 8 0
-1 18 -1 27 -1 19 1 9 0
1 18 -1 28 -1 20 -1 10 -1
-1 19 1 29 -1 21 1 11 -1
1 20 -1 30 3 22 0 12 -1
0 21 1 31 -1 23 -1 13 -1
-1 22 0 32 -1 24 3 14 -1
3 23 -1 33 -1 25 -1 15 -1
-1 24 3 34 -1 26 -1 16 -1
-1 25 -1 35 -1 26 -1 17 -1
-1 27 -1 36 -1 28 -1 18 -1
-1 27 -1 37 -1 29 -1 19 1
-1 28 -1 38 -1 30 3 20 -1
3 29 -1 39 3 31 -1 21 1
-1 30 3 40 2 32 -1 22 0
-1 31 -1 41 2 33 -1 23 -1
-1 32 -1 42 -1 34 -1 24 3
-1 33 -1 43 -1 35 -1 25 -1
-1 34 -1 44 1 35 -1 26 -1
-1 36 -1 45 3 37 -1 27 -1
-1 36 -1 46 2 38 -1 28 -1
-1 37 -1 47 1 39 3 29 -1
3 38 -1 48 1 40 2 30 3
2 39 3 49 -1 41 2 31 -1
2 40 2 50 2 42 -1 32 -1
-1 41 2 51 1 43 -1 33 -1
-1 42 -1 52 -1 44 1 34 -1
1 43 -1 53 -1 44 -1 35 -1
3 45 -1 54 0 46 2 36 -1
2 45 3 55 -1 47 1 37 -1
1 46 2 56 -1 48 1 38 -1
1 47 1 57 0 49 -1 39 3
-1 48 1 58 -1 50 2 40 2
2 49 -1 59 -1 51 1 41 2
1 50 2 60 -1 52 -1 42 -1
-1 51 1 61 -1 53 -1 43 -1
-1 52 -1 62 -1 53 -1 44 1
0 54 -1 63 1 55 -1 45 3
-1 54 0 64 3 56 -1 46 2
-1 55 -1 65 -1 57 0 47 1
0 56 -1 66 -1 58 -1 48 1
-1 57 0 67 0 59 -1 49 -1
-1 58 -1 68 -1 60 -1 50 2
-1 59 -1 69 0 61 -1 51 1
-1 60 -1 70 -1 62 -1 52 -1
-1 61 -1 71 3 62 -1 53 -1
1 63 -1 72 2 64 3 54 0
3 63 1 73 -1 65 -1 55 -1
-1 64 3 74 3 66 -1 56 -1
-1 65 -1 75 -1 67 0 57 0
0 66 -1 76 -1 68 -1 58 -1
-1 67 0 77 3 69 0 59 -1
0 68 -1 78 1 70 -1 60 -1
-1 69 0 79 0 71 3 61 -1
3 70 -1 80 2 71 -1 62 -1
2 72 -1 72 -1 73 -1 63 1
-1 72 2 73 -1 74 3 64 3
3 73 -1 74 -1 75 -1 65 -1
-1 74 3 75 -1 76 -1 66 -1
-1 75 -1 81 -1 77 3 67 0
3 76 -1 77 -1 78 1 68 -1
1 77 3 78 -1 79 0 69 0
0 78 1 79 -1 80 2 70 -1
2 79 0 80 -1 80 -1 71 3
-1 81 -1 82 -1 81 -1 76 -1
-1 82 -1 83 -1 82 -1 81 -1
-1 83 -1 84 -1 83 -1 82 -1
-1 84 -1 89 -1 84 -1 83 -1
4 85 -1 85 -1 86 -1 85 -1
-1 85 4 86 -1 87 -1 86 -1
-1 86 -1 87 -1 88 -1 87 -1
-1 87 -1 88 -1 89 -1 88 -1
-1 88 -1 94 -1 90 -1 84 -1
-1 89 -1 90 -1 91 -1 90 -1
-1 90 -1 91 -1 92 -1 91 -1
-1 91 -1 92 -1 93 5 92 -1
5 92 -1 93 -1 93 -1 93 -1
-1 94 -1 95 -1 94 -1 89 -1
-1 95 -1 96 -1 95 -1 94 -1
-1 96 -1 97 6 96 -1 95 -1
6 97 -1 97 -1 97 -1 96 -1
