98 4 4 9 45
4 5 6 4
79 65 73 41 16 4 0 11 18
-1 0 -1 9 2 1 -1 0 -1
-1 0 -1 10 -1 2 -1 1 -1
-1 1 -1 11 -1 3 -1 2 -1
-1 2 -1 12 3 4 -1 3 -1
-1 3 -1 13 -1 5 2 4 -1
2 4 -1 14 -1 6 -1 5 -1
-1 5 2 15 1 7 1 6 -1
1 6 -1 16 -1 8 -1 7 -1
-1 7 1 17 -1 8 -1 8 -1
2 9 -1 18 -1 10 -1 0 -1
-1 9 2 19 -1 11 -1 1 -1
-1 10 -1 20 -1 12 3 2 -1
3 11 -1 21 -1 13 -1 3 -1
-1 12 3 22 -1 14 -1 4 -1
-1 13 -1 23 0 15 1 5 2
1 14 -1 24 -1 16 -1 6 -1
-1 15 1 25 -1 17 -1 7 1
-1 16 -1 26 2 17 -1 8 -1
-1 18 -1 27 3 19 -1 9 2
-1 18 -1 28 -1 20 -1 10 -1
-1 19 -1 29 0 21 -1 11 -1
-1 20 -1 30 -1 22 -1 12 3
-1 21 -1 31 0 23 0 13 -1
0 22 -1 32 -1 24 -1 14 -1
-1 23 0 33 -1 25 -1 15 1
-1 24 -1 34 -1 26 2 16 -1
2 25 -1 35 -1 26 -1 17 -1
3 27 -1 36 -1 28 -1 18 -1
-1 27 3 37 -1 29 0 19 -1
0 28 -1 38 -1 30 -1 20 -1
-1 29 0 39 -1 31 0 21 -1
0 30 -1 40 -1 32 -1 22 -1
-1 31 0 41 -1 33 -1 23 0
-1 32 -1 42 3 34 -1 24 -1
-1 33 -1 43 3 35 -1 25 -1
-1 34 -1 44 1 35 -1 26 2
-1 36 -1 45 -1 37 -1 27 3
-1 36 -1 46 -1 38 -1 28 -1
-1 37 -1 47 -1 39 -1 29 0
-1 38 -1 48 -1 40 -1 30 -1
-1 39 -1 49 -1 41 -1 31 0
-1 40 -1 50 1 42 3 32 -1
3 41 -1 51 -1 43 3 33 -1
3 42 3 52 -1 44 1 34 -1
1 43 3 53 -1 44 -1 35 -1
-1 45 -1 54 -1 46 -1 36 -1
-1 45 -1 55 -1 47 -1 37 -1
-1 46 -1 56 -1 48 -1 38 -1
-1 47 -1 57 -1 49 -1 39 -1
-1 48 -1 58 3 50 1 40 -1
1 49 -1 59 -1 51 -1 41 -1
-1 50 1 60 2 52 -1 42 3
-1 51 -1 61 3 53 -1 43 3
-1 52 -1 62 -1 53 -1 44 1
-1 54 -1 63 1 55 -1 45 -1
-1 54 -1 64 -1 56 -1 46 -1
-1 55 -1 65 -1 57 -1 47 -1
-1 56 -1 66 0 58 3 48 -1
3 57 -1 67 -1 59 -1 49 -1
-1 58 3 68 -1 60 2 50 1
2 59 -1 69 -1 61 3 51 -1
3 60 2 70 -1 62 -1 52 -1
-1 61 3 71 -1 62 -1 53 -1
1 63 -1 72 1 64 -1 54 -1
-1 63 1 73 -1 65 -1 55 -1
-1 64 -1 74 -1 66 0 56 -1
0 65 -1 75 2 67 -1 57 -1
-1 66 0 76 -1 68 -1 58 3
-1 67 -1 77 2 69 -1 59 -1
-1 68 -1 78 0 70 -1 60 2
-1 69 -1 79 -1 71 -1 61 3
-1 70 -1 80 0 71 -1 62 -1
1 72 -1 72 -1 73 -1 63 1
-1 72 1 73 -1 74 -1 64 -1
-1 73 -1 74 -1 75 2 65 -1
2 74 -1 75 -1 76 -1 66 0
-1 75 2 81 -1 77 2 67 -1
2 76 -1 77 -1 78 0 68 -1
0 77 2 78 -1 79 -1 69 -1
-1 78 0 79 -1 80 0 70 -1
0 79 -1 80 -1 80 -1 71 -1
-1 81 -1 82 -1 81 -1 76 -1
-1 82 -1 83 -1 82 -1 81 -1
-1 83 -1 84 -1 83 -1 82 -1
-1 84 -1 89 -1 84 -1 83 -1
4 85 -1 85 -1 86 -1 85 -1
-1 85 4 86 -1 87 -1 86 -1
-1 86 -1 87 -1 88 -1 87 -1
-1 87 -1 88 -1 89 -1 88 -1
-1 88 -1 94 -1 90 -1 84 -1
-1 89 -1 90 -1 91 -1 90 -1
-1 90 -1 91 -1 92 -1 91 -1
-1 91 -1 92 -1 93 5 92 -1
5 92 -1 93 -1 93 -1 93 -1
-1 94 -1 95 -1 94 -1 89 -1
-1 95 -1 96 -1 95 -1 94 -1
-1 96 -1 97 6 96 -1 95 -1
6 97 -1 97 -1 97 -1 96 -1
